"Height" "Weight" "Age" "Salary" "Team" "Position" "Games played" "Minutes" "Fields goals made" "Fields goal attempted" "% Fields goal made" "3pts FGM" "3pts  FGA" "% 3pts FG" "Free throws made" "Free throws attempted" "% FT" "Off rebond" "Def rebond" "Total rebond" "Assits" "Turnover" "Steals" "Blocks" "Blocked fields goals attempted" "Personnal fouls" "Personnal fouls drawn" "Points" "Point differential of the score"
"Chris Andersen" 2.08 111.1 33 341756 "Miami Heat" "Center" 42 14.9 1.7 2.9 0.58 0 0.1 0.67 1.5 2.2 0.68 1.4 2.7 4.1 0.4 0.6 0.4 1 0.3 2.1 2.1 4.9 2.3
"Chris Bosh" 2.11 106.1 28 17545000 "Miami Heat" "Center" 74 33.2 6.6 12.3 0.54 0.3 1 0.28 3.3 4.1 0.8 1.8 5 6.8 1.7 1.7 0.9 1.4 0.6 2.3 3.1 16.6 6.4
"Dexter Pittman" 2.11 139.7 24 854389 "Miami Heat" "Center" 4 2.9 0.8 1.3 0.6 0 0 0 0 0 0 1 0.8 1.8 0 0.5 0 0 0.3 1 0 1.5 -2.8
"Dwyane Wade" 1.93 99.8 30 17182000 "Miami Heat" "Guard" 69 34.6 8.2 15.8 0.52 0.2 1 0.26 4.5 6.2 0.73 1.2 3.7 5 5.1 2.8 1.9 0.8 0.5 2 4.7 21.2 8.3
"James Jones" 2.03 97.5 31 1500000 "Miami Heat" "Forward" 38 5.8 0.6 1.6 0.34 0.4 1.4 0.3 0.1 0.1 0.5 0 0.6 0.6 0.3 0.1 0.1 0.2 0 0.4 0.1 1.6 -0.4
"Jarvis Varnado" 2.06 104.3 24 217301 "Miami Heat" "Forward" 8 5 0.1 0.4 0.33 0 0 0 0 0 0 0.1 0.6 0.8 0.3 0.6 0 0.3 0.1 1.1 0.3 0.3 -2.8
"Joel Anthony" 2.06 111.1 29 3750000 "Miami Heat" "Center" 62 9.1 0.6 1.1 0.52 0 0 0 0.3 0.5 0.61 0.7 1.1 1.9 0.2 0.4 0.2 0.7 0.1 0.8 0.4 1.4 0.5
"Josh Harrellson" 2.08 124.7 23 762195 "Miami Heat" "Center" 6 5.1 0.7 1.5 0.44 0.2 0.8 0.2 0.2 0.3 0.5 0.5 0.7 1.2 0 0.5 0.2 0.2 0 0.7 0.2 1.7 -0.2
"Juwan Howard" 2.06 117.9 39 135697 "Miami Heat" "Forward" 7 7.2 1.4 2.7 0.53 0 0 0 0.1 0.1 1 0 1.1 1.1 0.9 0.6 0 0 0.3 1.3 0.3 3 -1.9
"James LeBron" 2.03 113.4 27 17545000 "Miami Heat" "Forward" 76 37.9 10.1 17.8 0.57 1.4 3.3 0.41 5.3 7 0.75 1.3 6.8 8 7.3 3 1.7 0.9 0.5 1.4 5.8 26.8 9.5
"Mario Chalmers" 1.88 86.2 26 4000000 "Miami Heat" "Guard" 77 26.9 2.9 6.9 0.43 1.6 3.9 0.41 1.2 1.5 0.8 0.2 2 2.2 3.5 1.5 1.5 0.2 0.3 2.5 1.6 8.6 7.4
"Mike Miller" 2.03 98.9 32 5800000 "Miami Heat" "Forward" 59 15.2 1.7 3.9 0.43 1.2 3 0.42 0.1 0.2 0.73 0.3 2.4 2.7 1.7 0.6 0.4 0.1 0.1 1.1 0.3 4.8 0.9
"Norris Cole" 1.88 79.4 23 1082520 "Miami Heat" "Guard" 80 19.9 2.2 5.3 0.42 0.4 1.2 0.36 0.7 1 0.65 0.2 1.4 1.6 2.1 1.3 0.7 0.1 0.4 1.9 1.1 5.6 0.1
"Rashard Lewis" 2.08 106.6 32 1352181 "Miami Heat" "Forward" 55 14.4 1.9 4.5 0.41 0.9 2.4 0.39 0.5 0.8 0.62 0.3 1.9 2.2 0.5 0.6 0.4 0.3 0.2 1.2 0.8 5.2 -0.4
"Ray Allen" 1.96 93 36 3090000 "Miami Heat" "Guard" 79 25.8 3.7 8.2 0.45 1.8 4.2 0.42 1.8 2 0.89 0.5 2.2 2.7 1.7 1.3 0.8 0.2 0.3 1.6 1.5 10.9 2.2
"Shane Battier" 2.03 99.8 33 3135000 "Miami Heat" "Forward" 72 24.8 2.1 5 0.42 1.9 4.4 0.43 0.4 0.5 0.84 0.5 1.8 2.3 1 0.5 0.6 0.8 0.1 2.1 0.9 6.6 4.7
"Terrel Harris" 1.93 86.2 25 313845 "Miami Heat" "Guard" 7 4.1 0.3 1.1 0.25 0 0.1 0 0.9 1.1 0.75 0.6 0.7 1.3 0.3 0.6 0 0 0.3 0.4 0.6 1.4 0.3
"Udonis Haslem" 2.03 106.6 32 4060000 "Miami Heat" "Forward" 75 18.8 1.7 3.3 0.51 0 0 0 0.4 0.6 0.71 1.3 4.1 5.4 0.5 0.6 0.4 0.2 0.3 2.3 1.2 3.9 3.6
"Daniel Orton" 2.08 124.7 21 854389 "Oklahoma City Thunder" "Center" 13 8 0.9 2 0.46 0 0 0 0.7 1.3 0.53 1 1 2 0.3 0.3 0.3 0.2 0.2 1 0.8 2.5 -1.2
"DeAndre Liggins" 1.98 94.8 24 762195 "Oklahoma City Thunder" "Guard" 39 7.4 0.5 1.2 0.45 0.2 0.5 0.37 0.2 0.5 0.5 0.3 1 1.4 0.4 0.4 0.5 0.1 0.2 0.8 0.5 1.5 -0.7
"Derek Fisher" 1.85 95.3 37 261343 "Oklahoma City Thunder" "Guard" 24 14.4 1.3 4 0.33 0.8 2.4 0.35 0.6 0.6 0.93 0.1 0.8 0.9 0.7 0.5 0.6 0 0.1 1.3 1 4.1 2
"Eric Maynor" 1.91 79.4 25 2338721 "Oklahoma City Thunder" "Guard" 37 10.6 1 3.1 0.31 0.4 1.2 0.33 0.5 0.6 0.81 0.1 0.4 0.5 2 0.8 0.3 0 0.1 0.5 0.6 2.8 0.4
"Hasheem Thabeet" 2.21 119.3 25 1200000 "Oklahoma City Thunder" "Center" 66 11.7 1 1.6 0.6 0 0 0 0.5 0.8 0.6 1 1.9 3 0.2 0.6 0.5 0.9 0.2 2.2 1 2.4 2.1
"Jeremy Lamb" 1.96 83.9 20 2020200 "Oklahoma City Thunder" "Forward" 23 6.4 1 3 0.35 0.4 1.3 0.3 0.6 0.6 1 0.2 0.6 0.8 0.2 0.3 0.1 0.1 0.3 0.6 0.3 3.1 -2
"Kendrick Perkins" 2.08 122.5 27 8300531 "Oklahoma City Thunder" "Center" 78 25.1 1.8 4 0.46 0 0 0 0.6 0.9 0.61 1.4 4.6 6 1.4 1.4 0.6 1.1 0.5 2.9 0.9 4.2 5.2
"Kevin Durant" 2.06 108.9 23 16669630 "Oklahoma City Thunder" "Forward" 81 38.5 9 17.7 0.51 1.7 4.1 0.42 8.4 9.3 0.91 0.6 7.3 7.9 4.6 3.5 1.4 1.3 0.5 1.8 6.5 28.1 8.9
"Kevin Martin" 2.01 89.4 29 12439675 "Oklahoma City Thunder" "Guard" 77 27.7 4.5 10.1 0.45 2.1 4.8 0.43 2.8 3.2 0.89 0.4 1.9 2.3 1.4 1.3 0.9 0.1 0.4 1.8 2.1 14 5.7
"Nick Collison" 2.08 115.7 31 2929332 "Oklahoma City Thunder" "Center" 81 19.5 2.2 3.7 0.6 0 0 0 0.7 1 0.77 1.5 2.6 4.1 1.5 0.9 0.6 0.4 0.3 2.4 1.3 5.1 4.5
"Perry Jones" 2.11 106.6 20 1035960 "Oklahoma City Thunder" "Forward" 38 7.4 1 2.6 0.39 0 0.1 0 0.3 0.4 0.67 0.3 1.3 1.6 0.3 0.4 0.1 0.2 0.2 0.6 0.3 2.3 0
"Reggie Jackson" 1.91 94.3 22 1208400 "Oklahoma City Thunder" "Guard" 70 14.2 2.1 4.6 0.46 0.3 1.5 0.23 0.7 0.9 0.84 0.3 2.1 2.4 1.7 0.8 0.4 0.2 0.2 1.2 1 5.3 1.5
"Ronnie Brewer 1" 2.01 106.6 27 854389 "Oklahoma City Thunder" "Forward" 14 10.1 0.4 1.6 0.26 0.1 0.4 0.2 0 0 0 0.9 1.9 2.9 0.7 0.3 0.6 0 0.1 0.4 0.1 0.9 0.5
"Russell Westbrook" 1.91 90.7 23 13668750 "Oklahoma City Thunder" "Guard" 82 34.9 8.2 18.7 0.44 1.2 3.7 0.32 5.6 7 0.8 1.4 3.9 5.2 7.4 3.3 1.8 0.3 0.9 2.3 4.8 23.2 7.7
"Serge Ibaka" 2.08 111.1 22 2253062 "Oklahoma City Thunder" "Forward" 80 31.1 5.6 9.7 0.57 0.3 0.7 0.35 1.8 2.4 0.75 2.8 4.9 7.7 0.5 1.6 0.4 3 0.4 2.7 1.9 13.2 6.1
"Thabo Sefolosha" 2.01 100.7 28 3600000 "Oklahoma City Thunder" "Guard" 81 27.5 2.8 5.8 0.48 1.3 3.2 0.42 0.7 0.9 0.83 0.7 3.2 3.9 1.5 0.8 1.3 0.5 0.2 2.2 0.8 7.6 6.2
"Amar'e Stoudemire" 2.11 111.1 29 19948799 "New York Knicks" "Forward" 29 23.5 5.3 9.2 0.58 0 0 0 3.6 4.5 0.81 2.1 2.9 5 0.4 1.7 0.3 0.7 1.1 3.1 3.4 14.2 1
"Carmelo Anthony" 2.03 106.6 28 19450000 "New York Knicks" "Forward" 67 37 10 22.2 0.45 2.3 6.2 0.38 6.3 7.6 0.83 2 4.9 6.9 2.6 2.6 0.8 0.5 1.3 3.1 6.2 28.7 4.6
"Chris Copeland" 2.03 106.6 28 473604 "New York Knicks" "Forward" 56 15.4 3.3 6.8 0.48 1.1 2.5 0.42 1.1 1.5 0.76 0.6 1.5 2.1 0.5 0.9 0.3 0.2 0.6 1.9 1.3 8.7 0.8
"Earl Barron" 2.13 122.5 30 854389 "New York Knicks" "Center" 1 36.5 5 14 0.36 0 0 0 1 2 0.5 6 12 18 2 1 0 1 0 1 1 11 2
"Iman Shumpert" 1.96 99.8 22 1680360 "New York Knicks" "Guard" 45 22.1 2.4 6.1 0.4 1.1 2.8 0.4 0.8 1 0.77 0.7 2.3 3 1.7 0.8 1 0.2 0.4 2.2 1.4 6.8 -0.3
"J.R. Smith" 1.98 99.8 26 2806452 "New York Knicks" "Guard" 80 33.5 6.6 15.6 0.42 1.9 5.5 0.36 3 3.9 0.76 0.8 4.5 5.3 2.7 1.7 1.3 0.3 0.6 2.8 3.5 18.1 3.7
"James White" 2.01 97.5 29 854389 "New York Knicks" "Forward" 57 7.6 0.9 2 0.43 0.2 0.7 0.34 0.2 0.3 0.58 0.1 0.8 0.8 0.5 0.3 0.2 0.1 0.1 0.8 0.3 2.2 -1.5
"Jason Kidd" 1.93 96.2 39 3090000 "New York Knicks" "Guard" 76 26.9 2 5.4 0.37 1.5 4.3 0.35 0.5 0.6 0.83 0.7 3.6 4.3 3.3 1 1.6 0.3 0.1 1.6 0.8 6 2.5
"Kenyon Martin" 2.06 102.1 34 43747 "New York Knicks" "Center" 18 24 3.1 5.2 0.6 0 0 0 0.9 2.2 0.43 1.9 3.4 5.3 0.4 0.9 0.9 0.9 0.2 3.6 1.6 7.2 3.2
"Kurt Thomas" 2.06 108.9 41 1352181 "New York Knicks" "Forward" 39 10.1 1.2 2.1 0.54 0 0 1 0.2 0.3 0.46 0.6 1.7 2.3 0.5 0.2 0.3 0.4 0.1 1.3 0.5 2.5 -0.6
"Marcus Camby" 2.11 108.9 38 4590338 "New York Knicks" "Forward" 24 10.4 0.7 2.2 0.32 0 0 0 0.3 0.8 0.42 1 2.3 3.3 0.6 0.6 0.3 0.6 0.2 1.2 0.8 1.8 -0.5
"Pablo Prigioni" 1.91 83.9 35 473604 "New York Knicks" "Guard" 78 16.2 1.3 2.8 0.46 0.7 1.7 0.4 0.3 0.3 0.88 0.5 1.3 1.8 3 1.1 0.9 0 0.1 1.6 0.9 3.5 2.2
"Quentin Richardson" 1.98 108 32 2627400 "New York Knicks" "Forward" 1 28.9 1 11 0.09 1 4 0.25 2 2 1 5 5 10 1 2 0 0 0 1 1 5 -9
"Rasheed Wallace" 2.11 111.1 39 1352181 "New York Knicks" "Center" 21 14.1 2.6 6.8 0.39 1 3.3 0.32 0.7 1 0.7 0.5 3.4 4 0.3 0.5 0.6 0.7 0.3 1.9 0.8 7 0.4
"Raymond Felton" 1.85 93 28 3480453 "New York Knicks" "Guard" 68 34 5.5 13 0.43 1.4 3.8 0.36 1.5 1.9 0.79 0.8 2.1 2.9 5.5 2.3 1.4 0.2 0.5 1.9 2 13.9 4.1
"Ronnie Brewer 2" 2.01 106.6 28 1069509 "New York Knicks" "Forward" 46 15.5 1.4 3.8 0.37 0.5 1.5 0.31 0.3 0.8 0.41 0.6 1.5 2.2 0.9 0.3 0.7 0.1 0.3 0.6 0.7 3.6 -0.1
"Solomon Jones" 2.08 106.6 29 37737 "New York Knicks" "Forward" 2 13 0 0.5 0 0 0 0 0 0 0 0.5 1 1.5 0 1.5 0 0.5 0 1.5 1 0 0.5
"Steve Novak" 2.08 106.6 29 4054055 "New York Knicks" "Forward" 81 20.3 2.2 5.3 0.41 1.8 4.3 0.43 0.4 0.4 0.91 0.2 1.7 1.9 0.4 0.1 0.3 0.1 0 1.2 0.4 6.6 3
"Tyson Chandler" 2.16 108.9 29 13604188 "New York Knicks" "Center" 66 32.8 3.9 6.1 0.64 0 0 0 2.7 3.9 0.69 4.1 6.6 10.7 0.9 1.3 0.6 1.1 0.3 2.8 3.2 10.4 3.8
"Aron Baynes" 2.08 117.9 25 239588 "San Antonio Spurs" "Center" 16 8.8 1.1 2.3 0.5 0 0.1 0 0.4 0.8 0.58 0.8 1.3 2 0.3 0.7 0.1 0.4 0 1.4 0.6 2.7 -0.1
"Boris Diaw" 2.03 113.4 30 4500000 "San Antonio Spurs" "Forward" 75 22.8 2.4 4.4 0.54 0.4 1 0.39 0.6 0.9 0.72 0.9 2.5 3.4 2.4 1.1 0.7 0.4 0.2 1.9 1 5.8 2
"Cory Joseph" 1.91 86.2 20 1074720 "San Antonio Spurs" "Guard" 28 13.9 1.8 3.9 0.46 0.2 0.8 0.29 0.6 0.8 0.86 0.4 1.4 1.9 1.9 0.8 0.5 0.1 0.4 0.9 1 4.5 -0.2
"Danny Green" 1.98 97.5 25 3500000 "San Antonio Spurs" "Guard" 80 27.5 3.7 8.3 0.45 2.2 5.2 0.43 0.8 1 0.85 0.5 2.6 3.1 1.8 1.2 1.2 0.7 0.3 1.6 1 10.5 3.9
"DeJuan Blair" 2.01 122.5 23 1054000 "San Antonio Spurs" "Forward" 61 14 2.3 4.4 0.52 0 0 0 0.7 1.1 0.63 1.1 2.7 3.8 0.7 0.8 0.6 0.2 0.4 1.8 0.9 5.4 -0.4
"Gary Neal" 1.93 95.3 27 854389 "San Antonio Spurs" "Guard" 68 21.8 3.6 8.8 0.41 1.3 3.7 0.36 0.9 1.1 0.87 0.2 1.9 2.1 1.9 1 0.4 0 0.3 1.4 1 9.5 1.5
"James Anderson" 1.98 95.3 24 160826 "San Antonio Spurs" "Forward" 10 9.4 1.1 2.5 0.44 0.5 1.1 0.46 0.7 0.9 0.78 0.3 1.1 1.4 0.9 0.7 0.3 0.2 0.1 0.7 0.5 3.4 4.1
"Kawhi Leonard" 2.01 104.3 21 1809840 "San Antonio Spurs" "Forward" 58 31.2 4.5 9.1 0.49 1.1 3 0.37 1.8 2.2 0.83 1.1 4.9 6 1.6 1.1 1.7 0.6 0.5 1.7 1.6 11.9 6.1
"Manu Ginobili" 1.98 93 34 14107492 "San Antonio Spurs" "Guard" 60 23.2 3.8 9 0.43 1.4 3.9 0.35 2.7 3.4 0.8 0.5 2.9 3.4 4.6 2.2 1.3 0.2 0.4 1.9 2.9 11.8 3.9
"Matt Bonner" 2.08 106.6 32 3630000 "San Antonio Spurs" "Forward" 68 13.4 1.6 3.4 0.49 0.8 1.8 0.44 0.2 0.2 0.73 0.4 1.5 1.9 0.5 0.2 0.3 0.3 0 1.3 0.5 4.2 1.2
"Nando De Colo" 1.96 88.5 25 1400000 "San Antonio Spurs" "Guard" 72 12.8 1.5 3.3 0.44 0.4 1.1 0.38 0.5 0.6 0.8 0.3 1.6 1.9 1.9 1.1 0.6 0.1 0.2 1.2 0.8 3.8 -0.5
"Patty Mills" 1.83 83.9 23 1085120 "San Antonio Spurs" "Guard" 58 11.3 1.9 4.2 0.47 0.9 2.2 0.4 0.3 0.3 0.84 0.2 0.7 0.9 1.1 0.7 0.4 0.1 0.2 0.9 0.7 5.1 0.6
"Stephen Jackson" 2.03 99.8 35 10059750 "San Antonio Spurs" "Forward" 55 19.5 2.2 6 0.37 0.8 3.1 0.27 0.9 1.3 0.7 0.4 2.4 2.8 1.5 1.4 0.7 0.3 0.3 1.6 1.2 6.2 1.8
"Tiago Splitter" 2.11 111.1 27 3944000 "San Antonio Spurs" "Forward" 81 24.7 3.9 7 0.56 0 0 0 2.6 3.5 0.73 1.8 4.6 6.4 1.6 1.2 0.8 0.8 1 2 3.1 10.3 4.7
"Tim Duncan" 2.11 113.4 36 9638554 "San Antonio Spurs" "Center" 69 30.1 7.1 14.1 0.5 0 0.1 0.29 3.6 4.3 0.82 1.8 8.1 9.9 2.7 2.1 0.7 2.7 1.1 1.7 3.7 17.8 6.7
"Tony Parker" 1.88 83.9 30 12500000 "San Antonio Spurs" "Guard" 66 32.9 7.9 15.1 0.52 0.4 1 0.35 4.2 5 0.85 0.3 2.7 3 7.6 2.6 0.8 0.1 1 1.4 4.2 20.3 6.8
